i,j,D_l
0,0,0.0
0,1,0.05024590639940483
0,2,0.04832630202408617
0,3,0.009068521040316913
0,4,0.03386704971945588
0,5,0.01968162440140331
0,6,0.049455103551213776
0,7,0.011511372522903143
0,8,0.04998148428803086
0,9,0.03728015733984406
0,10,0.051849350477937615
0,11,0.041068910877929
0,12,0.016578665488383444
0,13,0.04648207998943716
0,14,0.010165585242713647
0,15,0.02568128866379003
0,16,0.04249516234962777
0,17,0.0255384483710719
0,18,0.014522604519403504
0,19,0.025592272215451666
0,20,0.02642290296797269
0,21,0.004197880783444057
0,22,0.006248944019748162
0,23,0.014951846151959627
0,24,0.029923979504734674
0,25,0.02760026435837851
0,26,0.033124765716746205
0,27,0.030421552455572754
0,28,0.00798832902558272
0,29,0.025985297314308955
0,30,0.03917041791970229
0,31,0.013616029599270555
0,32,0.05246153159802422
0,33,0.015518716087475744
0,34,0.05237410635119083
0,35,0.012831009613660781
0,36,0.007313038081195217
0,37,0.008913176439305278
0,38,0.014223474605859219
0,39,0.046963231359235615
0,40,0.041623173232451
0,41,0.009539561827598039
0,42,0.012029848850428434
0,43,0.042016658067182244
0,44,0.03612529853448841
0,45,0.016502355943167058
0,46,0.028052147012055384
0,47,0.04052352477935781
0,48,0.04604235511334681
0,49,0.014859105477766449
0,50,0.030500843867008194
0,51,0.007076623026643645
0,52,0.04927359583374119
0,53,0.007693859288900045
0,54,0.02830198725645515
0,55,0.02713360404715128
0,56,0.014762763886342036
0,57,0.044665400049376
0,58,0.006398625045535435
0,59,0.02825341933987671
0,60,0.012943651437820579
0,61,0.036839739823331094
0,62,0.017566173758137748
0,63,0.02369866418257282
0,64,0.02612532120730944
0,65,0.005426510484597026
0,66,0.012529778215028781
0,67,0.04860383977792815
0,68,0.004024311028565968
0,69,0.04102071336018816
0,70,0.010211303342033524
0,71,0.041997422378901035
0,72,0.012345080208823193
0,73,0.05437711205684373
0,74,0.023636355144737938
0,75,0.0012960174053468277
0,76,0.04721880759385573
0,77,0.019166197500093376
0,78,0.010117349508386756
0,79,0.007953940871126204
0,80,0.014476991125677961
0,81,0.015739081316083127
0,82,0.05405386438526493
0,83,0.02216838318789452
0,84,0.00803892591280903
0,85,0.04333180997051013
0,86,0.04516802827117611
0,87,0.013875979721086966
0,88,0.0193669060321027
0,89,0.016640642190009193
0,90,0.021220684213371317
0,91,0.047844167869147074
0,92,0.029314123324120502
0,93,0.05395602261083947
0,94,0.01235219802880035
0,95,0.051365971133245265
0,96,0.049230004136057055
0,97,0.0012891252369350845
0,98,0.043036806493128556
0,99,0.024436208176084814
1,0,0.05024590639940483
1,1,0.0
1,2,0.00518816919886004
1,3,0.04140978009440065
1,4,0.01648081049179682
1,5,0.03059524699239788
1,6,0.004269834299542856
1,7,0.03889351145335651
1,8,0.005237059071950657
1,9,0.014497798826056823
1,10,0.006770411281968163
1,11,0.011053090506195705
1,12,0.06129442188597138
1,13,0.004152849005233738
1,14,0.05325337805363846
1,15,0.025853610245937946
1,16,0.007768845427491664
1,17,0.025470653751435084
1,18,0.059280672304539574
1,19,0.025977809543770127
1,20,0.02434190679672021
1,21,0.0473377313447914
1,22,0.04474044410852876
1,23,0.05232663004477399
1,24,0.020356059461981102
1,25,0.02277498462751164
1,26,0.0173839041469513
1,27,0.02025686381223821
1,28,0.04231174305449685
1,29,0.02480107885624028
1,30,0.011714139547350167
1,31,0.06071738558302344
1,32,0.0042653597030212695
1,33,0.034871487535542305
1,34,0.011013675189610626
1,35,0.05066826651759684
1,36,0.057518748424802056
1,37,0.04959440458333045
1,38,0.03640840019002545
1,39,0.010483269575802937
1,40,0.008777023356821827
1,41,0.059142730525028685
1,42,0.03845744807876531
1,43,0.008515158043415651
1,44,0.01511965881226305
1,45,0.034256062250458685
1,46,0.022250253276514732
1,47,0.010927458623490564
1,48,0.004263529705786939
1,49,0.035685284147473656
1,50,0.019800510224424087
1,51,0.047726852048157846
1,52,0.010532120778314303
1,53,0.04267936521674704
1,54,0.02211748297942948
1,55,0.023163967823264048
1,56,0.0374775619531684
1,57,0.00988430982789465
1,58,0.0500460478815547
1,59,0.022219839637741587
1,60,0.045266145360832344
1,61,0.013789711011756297
1,62,0.032705629923961685
1,63,0.026612451911745754
1,64,0.02418287559674624
1,65,0.045815776886385697
1,66,0.03791774953576901
1,67,0.01137532203236949
1,68,0.053449565154985015
1,69,0.010674348069373094
1,70,0.044412892648106286
1,71,0.008269201545865851
1,72,0.04226977152117277
1,73,0.006269743135565
1,74,0.02743182835035883
1,75,0.049063882242141775
1,76,0.006474932909673338
1,77,0.03111098012424817
1,78,0.045179327856214486
1,79,0.05674136019376681
1,80,0.043043826157028585
1,81,0.0345693229479292
1,82,0.009071472851062051
1,83,0.028594688993051558
1,84,0.055441130699656865
1,85,0.007652803223579943
1,86,0.005103988361703853
1,87,0.05290973020812058
1,88,0.03200270497010135
1,89,0.033672022672858744
1,90,0.02911311328484575
1,91,0.006184777480477358
1,92,0.022197206163480004
1,93,0.010935710376341128
1,94,0.05239122121865865
1,95,0.012282818575297057
1,96,0.0011251162854088064
1,97,0.05153021123091037
1,98,0.007305439732785341
1,99,0.026090953478853804
2,0,0.04832630202408617
2,1,0.00518816919886004
2,2,0.0
2,3,0.039394274130231756
2,4,0.01449268866572729
2,5,0.028763591182486215
2,6,0.0012247216894123883
2,7,0.03712541227555543
2,8,0.0016591755782816612
2,9,0.011720525006437162
2,10,0.0036866949786961054
2,11,0.007875346015965597
2,12,0.059874860634663754
2,13,0.002251448817031489
2,14,0.051665057306665006
2,15,0.025189452464602656
2,16,0.006882665864594355
2,17,0.02449264186245149
2,18,0.057803836129826654
2,19,0.025324216162585306
2,20,0.023218413976936404
2,21,0.045541173525264815
2,22,0.04300223125191675
2,23,0.0509947029633657
2,24,0.018492188416308366
2,25,0.021244371121695006
2,26,0.01635789112810696
2,27,0.01928172159619214
2,28,0.04035732127320699
2,29,0.022575679935665036
2,30,0.009263861454800295
2,31,0.05913885141346092
2,32,0.004176799810025136
2,33,0.03313880202713805
2,34,0.006254715970393549
2,35,0.04923169418314334
2,36,0.05556176496598783
2,37,0.047975052865743474
2,38,0.03432503122445427
2,39,0.005296276697128433
2,40,0.008554727939802607
2,41,0.057355980557213415
2,42,0.03642251542578848
2,43,0.006331103387486718
2,44,0.012569102593060346
2,45,0.03212764515198636
2,46,0.020316532367970052
2,47,0.008142595151468875
2,48,0.005951644647677837
2,49,0.03402967243304826
2,50,0.01819312721476725
2,51,0.04603773783386383
2,52,0.005383867520245327
2,53,0.040696501075425176
2,54,0.020052602452667708
2,55,0.021469145379795176
2,56,0.036281907350330746
2,57,0.004750655862685461
2,58,0.0483272368915446
2,59,0.020861184106222636
2,60,0.0438995779641103
2,61,0.013294494623776739
2,62,0.030844840991710924
2,63,0.02489408973692794
2,64,0.02223364615081044
2,65,0.044059460832482245
2,66,0.035891759328662
2,67,0.006207927070185985
2,68,0.05162296974035832
2,69,0.012416418639082709
2,70,0.042882729899819824
2,71,0.006909903484492751
2,72,0.04089531581632265
2,73,0.006072522271253215
2,74,0.026383780416716022
2,75,0.04717331951969584
2,76,0.0013300034509462948
2,77,0.02927778388977597
2,78,0.04363963420825563
2,79,0.05499809773692569
2,80,0.04183034546843431
2,81,0.03260731010398325
2,82,0.006298023385611723
2,83,0.0264131660596869
2,84,0.05374535731164278
2,85,0.005039215079098594
2,86,0.004421404206047802
2,87,0.05150510822313501
2,88,0.030868530891912063
2,89,0.031706325193352675
2,90,0.027396356123411958
2,91,0.011213828749664784
2,92,0.0217727055339247
2,93,0.007001767127510827
2,94,0.050910983338661626
2,95,0.007242925127181167
2,96,0.004203818925162647
2,97,0.04961290224804363
2,98,0.007264598274630763
2,99,0.02465119374297571
3,0,0.009068521040316913
3,1,0.04140978009440065
3,2,0.039394274130231756
3,3,0.0
3,4,0.024965069900529147
3,5,0.010980638702980113
3,6,0.04053818898652229
3,7,0.006864256337698218
3,8,0.04104809108552878
3,9,0.02823836815166778
3,10,0.04289358474608502
3,11,0.03204894093568983
3,12,0.023699105907154384
3,13,0.037582206446846546
3,14,0.015173727053146931
3,15,0.01798310629871526
3,16,0.03367386249252121
3,17,0.017451482087102045
3,18,0.021414878130514712
3,19,0.01793862225147781
3,20,0.018099052669892604
3,21,0.007748478881054859
3,22,0.0079266742389155
3,23,0.01808812958008649
3,24,0.021074765474070056
3,25,0.01895115053748122
3,26,0.02448078062891899
3,27,0.021903716650170973
3,28,0.0018377044406792853
3,29,0.016948296065246313
3,30,0.03019475116384881
3,31,0.021776524251224862
3,32,0.043546545140247715
3,33,0.007767108468691907
3,34,0.04336532002255951
3,35,0.015795820998810495
3,36,0.016206913954004542
3,37,0.012216339776480956
3,38,0.005155793157767488
3,39,0.037952645831172895
3,40,0.032862123725919935
3,41,0.01850769579424901
3,42,0.002981586169002034
3,43,0.03309746220513867
3,44,0.02710184712577582
3,45,0.007434894321713363
3,46,0.019174653301399853
3,47,0.03152062885751291
3,48,0.037234510764833834
3,49,0.009011887346920164
3,50,0.021751488474330224
3,51,0.009959533050469429
3,52,0.04026527980283579
3,53,0.001450926966647011
3,54,0.01935676861609611
3,55,0.018401933685672316
3,56,0.015231881007624218
3,57,0.03566044710377885
3,58,0.010935026498233321
3,59,0.019669622947799874
3,60,0.015062813685000008
3,61,0.02818353457333365
3,62,0.008875395042580735
3,63,0.015027510786916247
3,64,0.017241727444021856
3,65,0.007752385471995001
3,66,0.0035067358614663865
3,67,0.03958510639498038
3,68,0.012770343624242593
3,69,0.03243933370069833
3,70,0.01225652546405351
3,71,0.03315017264376563
3,72,0.014232699328817246
3,73,0.04543722440277688
3,74,0.015800891274003068
3,75,0.008122076773601895
3,76,0.038265753439792785
3,77,0.010477737761662368
3,78,0.012244296615526834
3,79,0.016583882411191395
3,80,0.01644575927666162
3,81,0.006867315263306856
3,82,0.04507133953797343
3,83,0.013116474878909662
3,84,0.01583616166082532
3,85,0.03437982683411354
3,86,0.0363160671931505
3,87,0.01741062476816197
3,88,0.014561437550666875
3,89,0.0077579203686943465
3,90,0.012643137275635975
3,91,0.03917385525158288
3,92,0.021211356837176138
3,93,0.04495134149258732
3,94,0.016046239057069773
3,95,0.04234240724653006
3,96,0.040376054661420344
3,97,0.010341192274024202
3,98,0.03425201419600941
3,99,0.016003730437997996
4,0,0.03386704971945588
4,1,0.01648081049179682
4,2,0.01449268866572729
4,3,0.024965069900529147
4,4,0.0
4,5,0.014279239095450548
4,6,0.015610742152752644
4,7,0.022651148432272106
4,8,0.016151567237145163
4,9,0.007444822637340813
4,10,0.018066415245812283
4,11,0.008418227604268268
4,12,0.045582232404646074
4,13,0.012632379535368297
4,14,0.03725745559115878
4,15,0.0131663382364695
4,16,0.008803123386053265
4,17,0.011587827061770084
4,18,0.04346656314925403
4,19,0.013308503799212086
4,20,0.010127198610418003
4,21,0.03106470349886252
4,22,0.028534441454186436
4,23,0.03681650675354934
4,24,0.004044564798736489
4,25,0.007374946563611468
4,26,0.006821854283241846
4,27,0.008194822645715643
4,28,0.0258993306417394
4,29,0.00843096835980548
4,30,0.005749144763597863
4,31,0.0447317261751488
4,32,0.018621920859739207
4,33,0.018682423113325266
4,34,0.018962393344632213
4,35,0.034954974618076645
4,36,0.04112647485288934
4,37,0.033553570214292894
4,38,0.01993939958509665
4,39,0.013695278189203446
4,40,0.008239848800777914
4,41,0.042890526314585446
4,42,0.0220016751793776
4,43,0.008164084454315795
4,44,0.005818861431970784
4,45,0.01778539147337391
4,46,0.005825437092628284
4,47,0.007490136982759012
4,48,0.012362084528881297
4,49,0.01962115434191187
4,50,0.004538301815283814
4,51,0.03158497978859329
4,52,0.015907291315720395
4,53,0.026251405009126507
4,54,0.005639523381250349
4,55,0.007214209548248819
4,56,0.022394845956398002
4,57,0.011388917978843852
4,58,0.0338648514885143
4,59,0.007510154075546209
4,60,0.0297275876021681
4,61,0.007746167937799034
4,62,0.016357612052569834
4,63,0.010505797872777757
4,64,0.007747842857923055
4,65,0.02958758055813807
4,66,0.02146429014308917
4,67,0.015431571092183592
4,68,0.03715178590818776
4,69,0.010998107938537118
4,70,0.028542704974597446
4,71,0.008228565431746037
4,72,0.02673929000863907
4,73,0.020562887508326817
4,74,0.013095145774939922
4,75,0.0327051901242869
4,76,0.013430719465715887
4,77,0.014792897514932119
4,78,0.02928744197009735
4,79,0.04053413831521137
4,80,0.02784617492907547
4,81,0.01814176560398986
4,82,0.02038457608965371
4,83,0.012147830250339012
4,84,0.03929063372698256
4,85,0.009554476695489087
4,86,0.011377659280501103
4,87,0.03725087996128276
4,88,0.017194173433669014
4,89,0.017240993335289757
4,90,0.012979429379527731
4,91,0.014707625757367124
4,92,0.012107330614368327
4,93,0.020476634245724594
4,94,0.0365867660847769
4,95,0.018216419690245636
4,96,0.015432723450913729
4,97,0.03515470739182127
4,98,0.009481330807238897
4,99,0.010747604099006413
5,0,0.01968162440140331
5,1,0.03059524699239788
5,2,0.028763591182486215
5,3,0.010980638702980113
5,4,0.014279239095450548
5,5,0.0
5,6,0.029867557387735166
5,7,0.008377333517835104
5,8,0.03042137140718885
5,9,0.018574104393534352
5,10,0.03233897628734937
5,11,0.021966255029268675
5,12,0.03156608446412097
5,13,0.02687140373558289
5,14,0.023072101552952005
5,15,0.010437344297140447
5,16,0.022832764233724333
5,17,0.008245867949184521
5,18,0.02938730930168901
5,19,0.010551886432636907
5,20,0.007390993631006961
5,21,0.016796055102105596
5,22,0.014263370558028912
5,23,0.02303752698582856
5,24,0.010281618710842894
5,25,0.007974571850558594
5,26,0.013510245238202588
5,27,0.010938027624575412
5,28,0.0117737022736816
5,29,0.008194875914706858
5,30,0.01976734166584371
5,31,0.03052400260597321
5,32,0.03287307451989023
5,33,0.0045197918760928255
5,34,0.0330926879209803
5,35,0.021040172683059424
5,36,0.0269803821197569
5,37,0.019354980905210113
5,38,0.006839447584761719
5,39,0.02771426193521268
5,40,0.021960892526490045
5,41,0.02863212905635626
5,42,0.00816914620011227
5,43,0.022435470439928443
5,44,0.017177158560367098
5,45,0.007352917445378307
5,46,0.008465554513190265
5,47,0.02127265659359337
5,48,0.02638169860471639
5,49,0.005688727230962473
5,50,0.010827473547174976
5,51,0.017330856586915928
5,52,0.0299970043347239
5,53,0.012176320015410762
5,54,0.00897691874969572
5,55,0.007459742870863007
5,56,0.010491047903366298
5,57,0.025389081029065397
5,58,0.01959616895741749
5,59,0.0086929138957883
5,60,0.01608417088786827
5,61,0.017220943575585127
5,62,0.0021210486096610416
5,63,0.004049169678299108
5,64,0.006596236039811509
5,65,0.015313351919576805
5,66,0.007616867846115898
5,67,0.02941490538859967
5,68,0.022900923896267775
5,69,0.021467281877308543
5,70,0.014584990132626752
5,71,0.02234350684437013
5,72,0.013229703241400477
5,73,0.03483168042776944
5,74,0.008263201395689314
5,75,0.018491992230764594
5,76,0.027703458482650063
5,77,0.0005162163556335442
5,78,0.015290747746855573
5,79,0.02626646258332059
5,80,0.014695084424931407
5,81,0.004186415781845179
5,82,0.03463067669188268
5,83,0.007169725078849896
5,84,0.025026517139866235
5,85,0.02382034042709702
5,86,0.02551840456820824
5,87,0.023350486164376752
5,88,0.008856829096078956
5,89,0.0034098540694156155
5,90,0.0019539544460735266
5,91,0.02823011001665624
5,92,0.010835196834617573
5,93,0.03464525838444148
5,94,0.02257292499699672
5,95,0.03221193864184952
5,96,0.02958500460339638
5,97,0.020966936608556315
5,98,0.023372718106278396
5,99,0.005225442408872798
6,0,0.049455103551213776
6,1,0.004269834299542856
6,2,0.0012247216894123883
6,3,0.04053818898652229
6,4,0.015610742152752644
6,5,0.029867557387735166
6,6,0.0
6,7,0.03822091437093917
6,8,0.0010101342151728205
6,9,0.012937222964143765
6,10,0.003037513966855442
6,11,0.009099036575191108
6,12,0.06089870591137745
6,13,0.0030318277655091855
6,14,0.052726390072294946
6,15,0.026000419477562355
6,16,0.0075673209541023126
6,17,0.0253717433321649
6,18,0.05884089039692069
6,19,0.026133189797324683
6,20,0.024128349325233726
6,21,0.04664574483153362
6,22,0.04409384874288806
6,23,0.05199321234377148
6,24,0.019590874908066342
6,25,0.022260451694477816
6,26,0.017215340374060212
6,27,0.020141882758087645
6,28,0.041490744749370034
6,29,0.023746268273086988
6,30,0.010447058945094111
6,31,0.06020005608162877
6,32,0.0030129237282228456
6,33,0.034224166287554175
6,34,0.006843114015300626
6,35,0.05025546451316835
6,36,0.05669810017303738
6,37,0.049042206948653855
6,38,0.035478884834859975
6,39,0.006220350630728266
6,40,0.009070333043574562
6,41,0.058460981849672106
6,42,0.03756895554050718
6,43,0.007451049756502546
6,44,0.013769566030141829
6,45,0.03328796178210944
6,46,0.02143360359499964
6,47,0.009355017230325795
6,48,0.005380773174210933
6,49,0.035097750619080444
6,50,0.019222650604338438
6,51,0.047119818519568486
6,52,0.0062646160455642995
6,53,0.041835073209630674
6,54,0.02119505303837707
6,55,0.022531540610374323
6,56,0.03723449939106861
6,57,0.005805224172005953
6,58,0.0494164600699481
6,59,0.021826208051311653
6,60,0.044902492085308776
6,61,0.013996509600356562
6,62,0.03195634924698268
6,63,0.025968062535619073
6,64,0.02335620313205326
6,65,0.04515528586284119
6,66,0.0370365217456945
6,67,0.0071058983004208725
6,68,0.05273485722129924
6,69,0.012229084270201645
6,70,0.043926269315571476
6,71,0.007750726144836527
6,72,0.04189795934683576
6,73,0.005023749222629319
6,74,0.027283979114631384
6,75,0.04829655994910413
6,76,0.0025293113632000775
6,77,0.030382465978998303
6,78,0.044685944321561685
6,79,0.05609397910640666
6,80,0.042793074911567905
6,81,0.03373948313180165
6,82,0.00574977610816498
6,83,0.027579359610994003
6,84,0.054831072954620565
6,85,0.006222153287716033
6,86,0.004844651436891558
6,87,0.05252202324446984
6,88,0.03179829899971272
6,89,0.032838774592893034
6,90,0.028472986493847083
6,91,0.01034848293954911
6,92,0.022515564548255887
6,93,0.0070238053156432305
6,94,0.0519463146514781
6,95,0.008045183796229276
6,96,0.003305210001608045
6,97,0.050741495285797744
6,98,0.007636904633734859
6,99,0.025649502358927025
7,0,0.011511372522903143
7,1,0.03889351145335651
7,2,0.03712541227555543
7,3,0.006864256337698218
7,4,0.022651148432272106
7,5,0.008377333517835104
7,6,0.03822091437093917
7,7,0.0
7,8,0.03878201804304507
7,9,0.026755345331475916
7,10,0.04070584779378581
7,11,0.030271081401819975
7,12,0.023380830523621592
7,13,0.035219255803918784
7,14,0.014775963179103556
7,15,0.014241025418957179
7,16,0.031132443621706658
7,17,0.014039028506101467
7,18,0.021163029033423014
7,19,0.014159740865317046
7,20,0.014916491763747564
7,21,0.008457430087365929
7,22,0.0058866363831870305
7,23,0.015170652453090508
7,24,0.01864285538749409
7,25,0.01615496218573132
7,26,0.021662291659892512
7,27,0.018929608693830598
7,28,0.005159246335073922
7,29,0.015744356658318498
7,30,0.02813292884125896
7,31,0.022185472877514833
7,32,0.04122198749743241
7,33,0.0040322160346386
7,34,0.041449479512817695
7,35,0.013046715975919304
7,36,0.01881563325409391
7,37,0.0110611690425333
7,38,0.00801849010154936
7,39,0.036062219280176895
7,40,0.030210656019479077
7,41,0.020289404718497373
7,42,0.0069310966493992135
7,43,0.030799821270988022
7,44,0.02541906891459413
7,45,0.0090678427262674
7,46,0.01684204513372976
7,47,0.029611244997263725
7,48,0.03466369317742778
7,49,0.003367357915024912
7,50,0.019104668083913142
7,51,0.008965372805937918
7,52,0.03835147489109081
7,53,0.006086539301256809
7,54,0.017286159325471933
7,55,0.015742024197982697
7,56,0.008371374234467446
7,57,0.03373938322074354
7,58,0.011220490331816926
7,59,0.016780803289572273
7,60,0.00902936799312431
7,61,0.025377323904772184
7,62,0.00637026490021535
7,63,0.012291780315076481
7,64,0.014961589351582625
7,65,0.006943421781742467
7,66,0.006594129326962497
7,67,0.03775373146240798
7,68,0.014586420264717626
7,69,0.02953603155252638
7,70,0.006797752807052781
7,71,0.030664314587518126
7,72,0.0075481483378769644
7,73,0.043190900838094584
7,74,0.012157548781853662
7,75,0.01027790818633496
7,76,0.036073220027866726
7,77,0.007866615921910309
7,78,0.007368105413635926
7,79,0.017902382358668235
7,80,0.009762382210675175
7,81,0.005567768423004941
7,82,0.04299931268608846
7,83,0.012430715292998986
7,84,0.016651794469518234
7,85,0.03219270197221864
7,86,0.03383652854556319
7,87,0.015332684325551292
7,88,0.008220845912533139
7,89,0.006267031441458491
7,90,0.00978935296191416
7,91,0.03638435129036933
7,92,0.017823456651147526
7,93,0.043006087622876915
7,94,0.014449203858891882
7,95,0.04054740997030711
7,96,0.037898153335676796
7,97,0.012779070506704127
7,98,0.031640682613560615
7,99,0.012941463064578974
8,0,0.04998148428803086
8,1,0.005237059071950657
8,2,0.0016591755782816612
8,3,0.04104809108552878
8,4,0.016151567237145163
8,5,0.03042137140718885
8,6,0.0010101342151728205
8,7,0.03878201804304507
8,8,0.0
8,9,0.013304182931930458
8,10,0.0021622482581227513
8,11,0.009423547242136647
8,12,0.06151581252745581
8,13,0.0037327721505644256
8,14,0.05331555550542468
8,15,0.026742512441281292
8,16,0.008344562656886299
8,17,0.02607906304252491
8,18,0.05944841194172371
8,19,0.026876245759309657
8,20,0.02481810871156769
8,21,0.04719756193092479
8,22,0.04465799249633356
8,23,0.05262872129014299
8,24,0.020149880164124685
8,25,0.022883330362399156
8,26,0.017931745175409214
8,27,0.020858029633191905
8,28,0.042012996797359564
8,29,0.02422167657772206
8,30,0.010905655898396989
8,31,0.06078858466270351
8,32,0.0025527223424376775
8,33,0.03479454662914944
8,34,0.005838317088009531
8,35,0.05087337641081149
8,36,0.057214606899669895
8,37,0.0496269501403541
8,38,0.03597670489262169
8,39,0.005284542936413533
8,40,0.0098995796861936
8,41,0.05901088052104953
8,42,0.03807612033470177
8,43,0.00798985540416633
8,44,0.014189875739151031
8,45,0.03377716589193036
8,46,0.021975165931806664
8,47,0.009744714059788771
8,48,0.006377446711115827
8,49,0.035682586822402496
8,50,0.019835747162831444
8,51,0.047692130712071075
8,52,0.005297123902012358
8,53,0.04235127684578725
8,54,0.02170908668845437
8,55,0.023120868211909874
8,56,0.037900023994857666
8,57,0.005904795003015868
8,58,0.049982245828283936
8,59,0.02248229628813263
8,60,0.04553525234671521
8,61,0.014778832073273138
8,62,0.03250276629353198
8,63,0.026548257011000186
8,64,0.02389207271738541
8,65,0.04571549483656771
8,66,0.03754585853788837
8,67,0.006144609458201258
8,68,0.053278716602609674
8,69,0.013190057344401988
8,70,0.04452992777612805
8,71,0.008464785831051933
8,72,0.04253096126924659
8,73,0.004414203180397399
8,74,0.027979864258435867
8,75,0.04882919914073856
8,76,0.002838253584663275
8,77,0.03093557360128312
8,78,0.045287461300881855
8,79,0.05665290431562668
8,80,0.04345231872120794
8,81,0.03426406709371163
8,82,0.004864534058494458
8,83,0.028060862906679345
8,84,0.05539940062675156
8,85,0.0066854541793835345
8,86,0.005668155935919927
8,87,0.05314470888267892
8,88,0.03247744539894232
8,89,0.03336314422564256
8,90,0.029050976972262908
8,91,0.01133755507546987
8,92,0.023286621859590975
8,93,0.006024916232586146
8,94,0.0525556618376362
8,95,0.0070567306176555255
8,96,0.004289219290271342
8,97,0.05126791860932932
8,98,0.008490594340473332
8,99,0.026284789073585085
9,0,0.03728015733984406
9,1,0.014497798826056823
9,2,0.011720525006437162
9,3,0.02823836815166778
9,4,0.007444822637340813
9,5,0.018574104393534352
9,6,0.012937222964143765
9,7,0.026755345331475916
9,8,0.013304182931930458
9,9,0.0
9,10,0.014966182911967557
9,11,0.003909672639873853
9,12,0.05009102931398547
9,13,0.010347455334937541
9,14,0.04152128705338812
9,15,0.02035487286996874
9,16,0.011396020658297918
9,17,0.018441782984588997
9,18,0.04789229628787856
9,19,0.020492939357469996
9,20,0.016971023163753266
9,21,0.03484105212011856
9,22,0.032551828981583285
9,23,0.041596036925297314
9,24,0.009802599858323099
9,25,0.013706251233781806
9,26,0.014211436915387772
9,27,0.01563802752107265
9,28,0.029320538167750602
9,29,0.011305414088867953
9,30,0.004202605261281196
9,31,0.048895940795971225
9,32,0.0158562365646299
9,33,0.023090969675606414
9,34,0.01518784717858705
9,35,0.039603706812894594
9,36,0.04440117527532602
9,37,0.037809765536063286
9,38,0.023096443093930708
9,39,0.00979425384132753
9,40,0.013336536527638382
9,41,0.04653082890473394
9,42,0.02526307333102175
9,43,0.007208875745674501
9,44,0.0016748694490771184
9,45,0.0208434541883216
9,46,0.010614369253449286
9,47,0.003594499814314797
9,48,0.012652095580787781
9,49,0.024234576114243036
9,50,0.011667567205379214
9,51,0.03568033382904008
9,52,0.012102274410236721
9,53,0.029592941483841433
9,54,0.009655209251685143
9,55,0.01291662134700417
9,56,0.02773685659567253
9,57,0.007557411192724024
9,58,0.03781899620269789
9,59,0.014438019038758824
9,60,0.03460468421197928
9,61,0.01498820014664827
9,62,0.0203993995675702
9,63,0.015591650892434382
9,64,0.012126012132207733
9,65,0.033519980857421035
9,66,0.0247586823999729
9,67,0.011386805928511259
9,68,0.04075540585457498
9,69,0.01811684462750738
9,70,0.033153352948258226
9,71,0.010303409616857185
9,72,0.03168506508206763
9,73,0.01755819970685038
9,74,0.01948157230549368
9,75,0.03620121841555733
9,76,0.01046848729420833
9,77,0.019045679226453945
9,78,0.03385599789388733
9,79,0.044310433799145635
9,80,0.03297409453882123
9,81,0.021711576085189723
9,82,0.01698686065372734
9,83,0.015126098607018128
9,84,0.043215187828615075
9,85,0.006848020607970219
9,86,0.010689667561068464
9,87,0.04191215143376979
9,88,0.02292895143379531
9,89,0.020828822976828632
9,90,0.01782441776680153
9,91,0.017985756563466362
9,92,0.01955107166719102
9,93,0.016782400732311083
9,94,0.04112013159010756
9,95,0.0141267720530454
9,96,0.013374294754450683
9,97,0.03856110663557268
9,98,0.012846396364051592
9,99,0.01661153245128075
10,0,0.051849350477937615
10,1,0.006770411281968163
10,2,0.0036866949786961054
10,3,0.04289358474608502
10,4,0.018066415245812283
10,5,0.03233897628734937
10,6,0.003037513966855442
10,7,0.04070584779378581
10,8,0.0021622482581227513
10,9,0.014966182911967557
10,10,0.0
10,11,0.01105765927086849
10,12,0.06350947230261168
10,13,0.005869415077017645
10,14,0.05527414232212479
10,15,0.02886741152922213
10,16,0.010497286021745562
10,17,0.028177813185913916
10,18,0.061430146992151165
10,19,0.029001771656132453
10,20,0.02690270882973658
10,21,0.049104612670114414
10,22,0.046583918786343055
10,23,0.054647246646422704
10,24,0.022084809354845532
10,25,0.024901688901331775
10,26,0.02004215124757147
10,27,0.022966365323196562
10,28,0.043877321334316294
10,29,0.026023861258307555
10,30,0.012714271659516954
10,31,0.06274428204368158
10,32,0.0026436890761742495
10,33,0.03673367620056805
10,34,0.004249650160732747
10,35,0.052870870578192314
10,36,0.05906500493211748
10,37,0.05158050280174946
10,38,0.03780550511571543
10,39,0.00534989832284778
10,40,0.012061651094050836
10,41,0.06091164937003591
10,42,0.03991864675384151
10,43,0.009935554227782147
10,44,0.015926938067062003
10,45,0.03559346129404709
10,46,0.023881968653090075
10,47,0.011462999303812095
10,48,0.008347613368819133
10,49,0.037641723703866384
10,50,0.021845823848899246
10,51,0.04962875890030394
10,52,0.0038879130578509803
10,53,0.0442060917358279
10,54,0.023574616624264317
10,55,0.02509547127915743
10,56,0.03995596360648813
10,57,0.007422880983100441
10,58,0.051908780754529635
10,59,0.024537382781482497
10,60,0.04755262507204595
10,61,0.016930024682211116
10,62,0.03440816226726177
10,63,0.028506806233339003
10,64,0.025788274245670106
10,65,0.04763534063906678
10,66,0.03939205285516768
10,67,0.004753934996914024
10,68,0.05517207887466651
10,69,0.015245051802881507
10,70,0.04651097259110257
10,71,0.010586155078054488
10,72,0.044549647677025565
10,73,0.00259430028017753
10,74,0.03006816452652941
10,75,0.05070700197513855
10,76,0.0046413832017082515
10,77,0.032851809329133966
10,78,0.047265384577362284
10,79,0.058567564195963505
10,80,0.04549992829692678
10,81,0.036135566344212396
10,82,0.0027129731629714827
10,83,0.02986896518060772
10,84,0.057328013337080964
10,85,0.008534186482530539
10,86,0.007830303041756451
10,87,0.055147551650014615
10,88,0.03454874790533898
10,89,0.03523481619117703
10,90,0.031004462761457203
10,91,0.0129306242025477
10,92,0.025430178538822703
10,93,0.004199147861890059
10,94,0.05454164260687907
10,95,0.0055455747883117554
10,96,0.005912770438186186
10,97,0.053135449222847624
10,98,0.010649340516771511
10,99,0.02831455120452743
11,0,0.041068910877929
11,1,0.011053090506195705
11,2,0.007875346015965597
11,3,0.03204894093568983
11,4,0.008418227604268268
11,5,0.021966255029268675
11,6,0.009099036575191108
11,7,0.030271081401819975
11,8,0.009423547242136647
11,9,0.003909672639873853
11,10,0.01105765927086849
11,11,0.0
11,12,0.05350266038093143
11,13,0.007235869247046916
11,14,0.04501476729020794
11,15,0.021288026518495238
11,16,0.010090502653149853
11,17,0.019938227527328403
11,18,0.051333554043613894
11,19,0.02143187092695077
11,20,0.018495435271273043
11,21,0.03850864344324953
11,22,0.03612071772133026
11,23,0.04488424452100887
11,24,0.012268079983532439
11,25,0.015784628968784988
11,26,0.013645918636272267
11,27,0.01568449141325407
11,28,0.03309534845071103
11,29,0.015108461683430283
11,30,0.0031181325886164217
11,31,0.05243589024356717
11,32,0.011972605898629647
11,33,0.026473120178576757
11,34,0.01132894407092934
11,35,0.04294616312586297
11,36,0.04822661408201766
11,37,0.041299604383997685
11,38,0.02692112299015594
11,39,0.005913741679938872
11,40,0.012069699243483743
11,41,0.050261327487685054
11,42,0.029070134515245018
11,43,0.005853344376826603
11,44,0.004950296169174198
11,45,0.024681021718607386
11,46,0.013662866550102844
11,47,0.001274671291743192
11,48,0.011245180274464566
11,49,0.02754490039146278
11,50,0.012911821719760984
11,51,0.03922664521977447
11,52,0.008228575004740979
11,53,0.033389503953948275
11,54,0.012995941452907047
11,55,0.015513849265917212
11,56,0.030683125600479342
11,57,0.003650660328676319
11,58,0.04142416129146682
11,59,0.01588786951219191
11,60,0.03783531097364073
11,61,0.01391895018602456
11,62,0.0239046367543032
11,63,0.018617641153214234
11,64,0.015392591662490993
11,65,0.03712451817181669
11,66,0.028556422278759895
11,67,0.007546075207060156
11,68,0.04449251928323426
11,69,0.01688689121068598
11,70,0.03649797563304661
11,71,0.009002291997790585
11,72,0.03487504239066447
11,73,0.01365041520987152
11,74,0.02150953882863513
11,75,0.0399658855404693
11,76,0.006598776337292763
11,77,0.022458087103531334
11,78,0.03721907172924417
11,79,0.04799207417910463
11,80,0.03606640118807224
11,81,0.025412244609148517
11,82,0.013090939037906287
11,83,0.018951558898951545
11,84,0.04684001837415333
11,85,0.004228430958494184
11,86,0.009253378412625624
11,87,0.045252859539143084
11,88,0.02556935232041822
11,89,0.02451783574658072
11,90,0.020991291874382815
11,91,0.01662271929170042
11,92,0.01935143277150362
11,93,0.012919317605997509
11,94,0.04451137700405155
11,95,0.010321550722333754
11,96,0.009975571708144103
11,97,0.04235282041670689
11,98,0.01153965056673702
11,99,0.019120460846751643
12,0,0.016578665488383444
12,1,0.06129442188597138
12,2,0.059874860634663754
12,3,0.023699105907154384
12,4,0.045582232404646074
12,5,0.03156608446412097
12,6,0.06089870591137745
12,7,0.023380830523621592
12,8,0.06151581252745581
12,9,0.05009102931398547
12,10,0.06350947230261168
12,11,0.05350266038093143
12,12,0.0
12,13,0.05787631865792677
12,14,0.008705472574724721
12,15,0.03569851761105001
12,16,0.05360840436267487
12,17,0.035899262246305505
12,18,0.002285897478899702
12,19,0.03558649498689012
12,20,0.036993948598801486
12,21,0.016006679790142572
12,22,0.01772865643225808
12,23,0.009017731060338059
12,24,0.04154215754106077
12,25,0.038672177091439455
12,26,0.04394368727285222
12,27,0.04108067581422605
12,28,0.02212708596816531
12,29,0.039101047170022746
12,30,0.05121345029491819
12,31,0.0039362700399064535
12,32,0.06385748847514623
12,33,0.027053447258429546
12,34,0.06450137759239188
12,35,0.010664663520053755
12,36,0.017561989040254748
12,37,0.012356849882400862
12,38,0.028396306606980892
12,39,0.0591800015463742
12,40,0.05254049481803666
12,41,0.01078090432880678
12,42,0.026197736194572274
12,43,0.05359935524439965
12,44,0.04872210678032062
12,45,0.030599511058607365
12,46,0.039906106644635966
12,47,0.05278167024016461
12,48,0.057041514646640964
12,49,0.026000850725229587
12,50,0.041712454388382426
12,51,0.014596691128483334
12,52,0.06143207112422173
12,53,0.022270340302226146
12,54,0.04053586397283176
12,55,0.038458853911906454
12,56,0.023886045286518248
12,57,0.05685905161268205
12,58,0.01280355261415125
12,59,0.03914409199348573
12,60,0.016060559316003628
12,61,0.04757193514450319
12,62,0.02971362746319966
12,63,0.03508711601954057
12,64,0.038129132539950594
12,65,0.016902319446248648
12,66,0.026511985603419448
12,67,0.06089389152568501
12,68,0.012831682279936238
12,69,0.051468009018026575
12,70,0.017053557260296406
12,71,0.05322545743770447
12,72,0.019060908883832543
12,73,0.0659023415619168
12,74,0.03393054873425469
12,75,0.01635725895626742
12,76,0.05892247924799858
12,77,0.031081958354000246
12,78,0.016315365643416162
12,79,0.009497060660060267
12,80,0.01833949177079273
12,81,0.028698210705426157
12,82,0.0659019936609544
12,83,0.03563870677663578
12,84,0.008540634709203028
12,85,0.05509708449436248
12,86,0.05635752848951447
12,87,0.00840468675789575
12,88,0.02935827608834958
12,89,0.02952030366716093
12,90,0.03262131987382768
12,91,0.05837912012113288
12,92,0.039450864347039045
12,93,0.06602191703996811
12,94,0.009008662819123886
12,95,0.06368675945257773
12,96,0.06036673452332061
12,97,0.016152698808711567
12,98,0.0540058863294161
12,99,0.03529333719672813
13,0,0.04648207998943716
13,1,0.004152849005233738
13,2,0.002251448817031489
13,3,0.037582206446846546
13,4,0.012632379535368297
13,5,0.02687140373558289
13,6,0.0030318277655091855
13,7,0.035219255803918784
13,8,0.0037327721505644256
13,9,0.010347455334937541
13,10,0.005869415077017645
13,11,0.007235869247046916
13,12,0.05787631865792677
13,13,0.0
13,14,0.04971116357319563
13,15,0.0230111476400033
13,16,0.004640568352967812
13,17,0.022355759685075336
13,18,0.05582041696867789
13,19,0.023144907923262365
13,20,0.021104218009726016
13,21,0.04365101236428618
13,22,0.041090534584882044
13,23,0.048966438886590156
13,24,0.016593652614114805
13,25,0.019232550167807186
13,26,0.014203491053839383
13,27,0.01713036780228077
13,28,0.038521526720365094
13,29,0.020842705741248354
13,30,0.00762210984844228
13,31,0.057186448375915196
13,32,0.006011211328817678
13,33,0.031216685340988044
13,34,0.008375200939720039
13,35,0.047230919585513814
13,36,0.0537356673123685
13,37,0.046028352329692365
13,38,0.03253793942677635
13,39,0.0069889066680081414
13,40,0.006307045083526194
13,41,0.05546919488731511
13,42,0.03461637727093788
13,43,0.004503272099603746
13,44,0.011009798089351295
13,45,0.03035878803536393
13,46,0.018449938600878193
13,47,0.00677573716538716
13,48,0.004144082937716842
13,49,0.03208264710398289
13,50,0.016197561803932257
13,51,0.04411197602038639
13,52,0.007188875916344011
13,53,0.03887212489162957
13,54,0.018240454427712462
13,55,0.01951503489342434
13,56,0.03420628350129113
13,57,0.0063134290808056345
13,58,0.04641267716461859
13,59,0.018795214800800025
13,60,0.04187480911363322
13,61,0.011066111634149936
13,62,0.028965715787703412
13,63,0.02295560201060614
13,64,0.020376926630613478
13,65,0.042154589774683386
13,66,0.03408150759846986
13,67,0.007963122032191109
13,68,0.049746847588583935
13,69,0.010377341899481682
13,70,0.04090453012837254
13,71,0.004734474971324702
13,72,0.038869826434429086
13,73,0.008055256122170897
13,74,0.024262748753119064
13,75,0.04531762616618877
13,76,0.0029801159911643357
13,77,0.027386780176682373
13,78,0.041664985436475545
13,79,0.053095493657645244
13,80,0.03976494817350256
13,81,0.030768494133939263
13,82,0.008523290964076955
13,83,0.02466353667453978
13,84,0.051826549262058826
13,85,0.0035004107317755957
13,86,0.002287138032356864
13,87,0.0494969572855307
13,88,0.028772046078370424
13,89,0.02986813955954351
13,90,0.02546145577995596
13,91,0.00950308960911867
13,92,0.019562627644371725
13,93,0.009248601205492982
13,94,0.048924080335982896
13,95,0.009153782282738731
13,96,0.0030281625685790264
13,97,0.04776853720384163
13,98,0.005067515998312792
13,99,0.02261958037231915
14,0,0.010165585242713647
14,1,0.05325337805363846
14,2,0.051665057306665006
14,3,0.015173727053146931
14,4,0.03725745559115878
14,5,0.023072101552952005
14,6,0.052726390072294946
14,7,0.014775963179103556
14,8,0.05331555550542468
14,9,0.04152128705338812
14,10,0.05527414232212479
14,11,0.04501476729020794
14,12,0.008705472574724721
14,13,0.04971116357319563
14,14,0.0
14,15,0.02786870433161828
14,16,0.045522350672442174
14,17,0.02796384885503958
14,18,0.006440579006111475
14,19,0.02776258621698916
14,20,0.029000216615763283
14,21,0.007425886657258805
14,22,0.009039953705181087
14,23,0.00486057098930784
14,24,0.03322476665269749
14,25,0.030524550597834318
14,26,0.03591391860557025
14,27,0.03308721615788531
14,28,0.013530779135963452
14,29,0.030454195268024852
14,30,0.04281487328061115
14,31,0.007490806356251403
14,32,0.055708913485493616
14,33,0.018596602332084603
14,34,0.05612756114815351
14,35,0.0030840235974678235
14,36,0.012424335917003844
14,37,0.003719179824349333
14,38,0.019714076641598775
14,39,0.05076499156761833
14,40,0.04451567987479186
14,41,0.006658483823566579
14,42,0.01753113209485138
14,43,0.04535665195901317
14,44,0.04018290254559327
14,45,0.021904761583453204
14,46,0.031498834543330426
14,47,0.0443319645207977
14,48,0.04900456397616445
14,49,0.01765743819943127
14,50,0.03353766834938964
14,51,0.005899178449321428
14,52,0.05304014345771002
14,53,0.013788791943847281
14,54,0.03202980568410685
14,55,0.030221206823558784
14,56,0.016043019802675307
14,57,0.048441860071250356
14,58,0.004274046368561868
14,59,0.031061163763316434
14,60,0.008235771331946053
14,61,0.03958861725490342
14,62,0.021140124093000125
14,63,0.026796111538045096
14,64,0.02966416927244976
14,65,0.008197697607759132
14,66,0.017826568937068226
14,67,0.05246585681891933
14,68,0.0069864320546617524
14,69,0.043596033196361315
14,70,0.008865122435613515
14,71,0.045099851952538954
14,72,0.011140493233814995
14,73,0.057716946313581846
14,74,0.025996842684308265
14,75,0.009199299389021205
14,76,0.05065913395647197
14,77,0.022574243359772247
14,78,0.008095174010097224
14,79,0.00434688337880077
14,80,0.010657105833892193
14,81,0.02001965780212465
14,82,0.057614134130362385
14,83,0.026954335430212785
14,84,0.0028127145937369203
14,85,0.046800261964062485
14,86,0.04825538382585667
14,87,0.003757089180729704
14,88,0.021452380845218638
14,89,0.020851933767361726
14,90,0.024297804212523994
14,91,0.05050145291627962
14,92,0.03161625272215894
14,93,0.05766976019976632
14,94,0.0022562673605448363
14,95,0.05525983787176486
14,96,0.052294006610622196
14,97,0.010141981877036224
14,98,0.04596905252971823
14,99,0.027190741628041866
15,0,0.02568128866379003
15,1,0.025853610245937946
15,2,0.025189452464602656
15,3,0.01798310629871526
15,4,0.0131663382364695
15,5,0.010437344297140447
15,6,0.026000419477562355
15,7,0.014241025418957179
15,8,0.026742512441281292
15,9,0.02035487286996874
15,10,0.02886741152922213
15,11,0.021288026518495238
15,12,0.03569851761105001
15,13,0.0230111476400033
15,14,0.02786870433161828
15,15,0.0
15,16,0.018448356087267012
15,17,0.002236806255744134
15,18,0.033739373533806544
15,19,0.00014389928409093812
15,20,0.003588412266704089
15,21,0.0224435758110465
15,22,0.019754191024766877
15,23,0.02668794670106219
15,24,0.010946420364000044
15,25,0.007068257570798355
15,26,0.008859142753668203
15,27,0.005977919261099461
15,28,0.018319429816642585
15,29,0.017192653684507186
15,30,0.01834792139181442
15,31,0.0352815311793285
15,32,0.028798636624842455
15,33,0.0104601318438697
15,34,0.0305654020717371
15,35,0.025125253592712136
15,36,0.032935361003179384
15,37,0.024288159025477124
15,38,0.01716199196630193
15,39,0.02572880099284009
15,40,0.017130239455672037
15,41,0.034061964440681165
15,42,0.016437555030137947
15,43,0.01933945929815716
15,44,0.018683656205950812
15,45,0.017787399881995108
15,46,0.011771685363562054
15,47,0.020214776179718667
15,48,0.021619178811970008
15,49,0.010875061561060093
15,50,0.008710958193101534
15,51,0.022570257803700405
15,52,0.027715556774547158
15,53,0.01884260418789848
15,54,0.013769551864849093
15,55,0.008620369515037666
