i,j,D_l
0,0,0.0
0,1,0.038997144110858604
0,2,0.0206023206684494
0,3,0.019618779909924864
0,4,0.01694192857313943
0,5,0.027481628975475143
0,6,0.023080610394395254
0,7,0.003810282039909012
0,8,0.002918615404715931
0,9,0.008344226438103088
0,10,0.0016242384264544875
0,11,0.013566469836747773
0,12,0.035473942174638104
0,13,0.0028294062924454876
0,14,0.034158633589489056
0,15,0.0024824253450663547
0,16,0.01806423037393366
0,17,0.013919304502893342
0,18,0.02745315356064399
0,19,0.005546908424676673
0,20,0.026315452523914724
0,21,0.030955713054328003
0,22,0.0021952379137265988
0,23,0.02789199931338049
0,24,0.022004962543974698
0,25,0.03366865504796488
0,26,0.01195127729063695
0,27,0.012796088133286858
0,28,0.003034814898986853
0,29,0.038681646164412796
0,30,0.003216046048032204
0,31,0.03239739976907155
0,32,0.01514904343313458
0,33,0.005119348089339127
0,34,0.0034182152569763678
0,35,0.0028650359448153364
0,36,0.031800627143752834
0,37,0.03890374389268029
0,38,0.008352203889172282
0,39,0.0014374542120782134
0,40,0.02608033537190412
0,41,0.010254904549175051
0,42,0.008215721514261828
0,43,0.01657195692028126
0,44,0.04080250629420974
0,45,0.010432505704768554
0,46,0.03362453763233674
0,47,0.026230747130410032
0,48,0.0028308791371457467
0,49,0.017134085386645428
0,50,0.024160721049794633
0,51,0.029868810523857
0,52,0.01518920700967206
0,53,0.02010628075291596
0,54,0.004576100579989416
0,55,0.015686243258879337
0,56,0.013403575736968374
0,57,0.0013405420806319522
0,58,0.005101086186659995
0,59,0.024391184843538298
0,60,0.015517830267348792
0,61,0.03296519339906638
0,62,0.016477340770161476
0,63,0.0017395158533154767
0,64,0.025517900154922404
0,65,0.0029008132464166314
0,66,0.0008367968906817571
0,67,0.024981225533513972
0,68,0.04214146939665029
0,69,0.02686010988155401
0,70,0.02996244426706859
0,71,0.0011703927664781352
0,72,0.009407925178073599
0,73,0.008711121914434393
0,74,0.0158571417249429
0,75,0.007311473897412456
0,76,0.006606082124601915
0,77,0.018816948603702654
0,78,0.012128086296191123
0,79,0.024878962152635617
0,80,0.0030362296105786975
0,81,0.013521452174940022
0,82,0.00913626308007185
0,83,0.024474171655448074
0,84,0.024240746172958714
0,85,0.008854492981778641
0,86,0.014504487427099307
0,87,0.0010580182552694466
0,88,0.02108254004085456
0,89,0.0038483704859504095
0,90,0.008982388448647788
0,91,0.004468184530089115
0,92,0.012363467231584744
0,93,0.018156554128317896
0,94,0.03504176017176742
0,95,0.028254061332938344
0,96,0.023821395920149577
0,97,0.02830887388934044
0,98,0.02268244256946237
0,99,0.022129477303866444
1,0,0.038997144110858604
1,1,0.0
1,2,0.05956113283464443
1,3,0.058546176028447854
1,4,0.055896259794263145
1,5,0.06632988199675936
1,6,0.015925233874292746
1,7,0.042742423696265755
1,8,0.036329277520598134
1,9,0.030767902721235224
1,10,0.04044336704769389
1,11,0.02545847403102804
1,12,0.003529153022604803
1,13,0.03624578259152856
1,14,0.07307583519832221
1,15,0.0370337436428743
1,16,0.05702550630845336
1,17,0.025095993190647124
1,18,0.06638059509402512
1,19,0.03346423299114057
1,20,0.06522092765772798
1,21,0.008060566742517058
1,22,0.03693601563969085
1,23,0.06676956050729835
1,24,0.01700378292325661
1,25,0.005333642497527709
1,26,0.05080340935916231
1,27,0.05175106706598486
1,28,0.03600761826638193
1,29,0.0003821560724928866
1,30,0.03621449498604448
1,31,0.00661283960002569
1,32,0.054104413084971034
1,33,0.04405926694591727
1,34,0.04239842099403301
1,35,0.041781902260936934
1,36,0.007201820833218107
1,37,9.4722219639296e-05
1,38,0.030729820034886217
1,39,0.038281165841407706
1,40,0.06500552693840224
1,41,0.04920090959062651
1,42,0.030787485486402918
1,43,0.02245893612339448
1,44,0.0018265711152359555
1,45,0.028595559506809778
1,46,0.005378264311049286
1,47,0.012795176215493323
1,48,0.04182528216273654
1,49,0.056095004686235864
1,50,0.014844724878300544
1,51,0.0687489350701074
1,52,0.054162119030775634
1,53,0.01889973439910829
1,54,0.043552805465633115
1,55,0.05462909204082135
1,56,0.05226664741741896
1,57,0.03846819087572695
1,58,0.03390919200019261
1,59,0.06329302656173304
1,60,0.054418224973438144
1,61,0.07187136484350473
1,62,0.022528442889829196
1,63,0.039433278805392276
1,64,0.06440100951774035
1,65,0.03622678474917362
1,66,0.039672418591539436
1,67,0.014036423260504086
1,68,0.0031533137612441108
1,69,0.012155142903322294
1,70,0.06887848770397127
1,71,0.040158182412896606
1,72,0.029613656090276833
1,73,0.03034811190987325
1,74,0.054822153579200804
1,75,0.03176087326551932
1,76,0.04558415770813528
1,77,0.020190633702844105
1,78,0.026931281354366926
1,79,0.014129480899399416
1,80,0.041853716160405945
1,81,0.025490897283964087
1,82,0.04803195602531444
1,83,0.01454217766252017
1,84,0.014770816524206547
1,85,0.030150503079833666
1,86,0.02450097559197528
1,87,0.04005143424167777
1,88,0.06002014088034301
1,89,0.0428147877134655
1,90,0.030021694254125392
1,91,0.03465247287667424
1,92,0.051344605193171446
1,93,0.020890669756936785
1,94,0.003966443263069696
1,95,0.06712045186949607
1,96,0.015188095959224587
1,97,0.010696946306742599
1,98,0.01632927827970694
1,99,0.016901698204388867
2,0,0.0206023206684494
2,1,0.05956113283464443
2,2,0.0
2,3,0.0013110917108372594
2,4,0.003682200603643135
2,5,0.0071185662958684415
2,6,0.04366369533977548
2,7,0.016844926256789676
2,8,0.023276523781637807
2,9,0.028845082627166105
2,10,0.01914676487056225
2,11,0.03413547273793983
2,12,0.05604025579909804
2,13,0.023345885549782133
2,14,0.013565079722524359
2,15,0.0225908906258193
2,16,0.002541050707169665
2,17,0.034515505772598896
2,18,0.0068696604510204064
2,19,0.026146883005048503
2,20,0.005801364400264779
2,21,0.05152191954844008
2,22,0.022656594139050096
2,23,0.007425752953097915
2,24,0.042582873398028416
2,25,0.05423775227767663
2,26,0.008892537302255029
2,27,0.007829519089880624
2,28,0.023583443259300424
2,29,0.059242966573823996
2,30,0.023416122259058397
2,31,0.05297339123878534
2,32,0.005473896581299748
2,33,0.015527491680308442
2,34,0.017190905195065196
2,35,0.01780610998350246
2,36,0.052373597612469444
2,37,0.05946805529184828
2,38,0.02887492591245881
2,39,0.02131923631291959
2,40,0.005513459013707897
2,41,0.010385547202608815
2,42,0.02881216616872481
2,43,0.03713710266559611
2,44,0.06136030736670283
2,45,0.03099850418767672
2,46,0.05419679450900899
2,47,0.046796285693472627
2,48,0.01777415482788732
2,49,0.0034740815304907997
2,50,0.044742016405581404
2,51,0.009359775507721603
2,52,0.005415764830738152
2,53,0.040690147836788496
2,54,0.016034298943954254
2,55,0.004969457719705149
2,56,0.007450757448852524
2,57,0.021130491157917375
2,58,0.025683593328200787
2,59,0.003956197486447758
2,60,0.005280686930532453
2,61,0.012385245994963948
2,62,0.03706455848842953
2,63,0.020183804760928015
2,64,0.005110724053011771
2,65,0.0233681739007964
2,66,0.019916598744057976
2,67,0.045551027646401135
2,68,0.06269859646375785
2,69,0.04744384667915552
2,70,0.009382988547641137
2,71,0.019447907280728587
2,72,0.029979183569394354
2,73,0.029251544483098614
2,74,0.004748155272369669
2,75,0.0278393599380576
2,76,0.014000901352481665
2,77,0.039398827051625826
2,78,0.032672895428947336
2,79,0.04545440847578934
2,80,0.017743612060179388
2,81,0.034117557579778406
2,82,0.011582264748493888
2,83,0.04504496945188946
2,84,0.044826433155218955
2,85,0.029452224615475666
2,86,0.03509315968296034
2,87,0.01955149904545066
2,88,0.0007924362130327556
2,89,0.01677202394744892
2,90,0.029573757415803113
2,91,0.024947943216755378
2,92,0.008247248072350385
2,93,0.03871298662137936
2,94,0.055613765538831385
2,95,0.0078108464570982375
2,96,0.044397016567376726
2,97,0.04888790242084156
2,98,0.04325736158620175
2,99,0.04269406460789816
3,0,0.019618779909924864
3,1,0.058546176028447854
3,2,0.0013110917108372594
3,3,0.0
3,4,0.002706774149178676
3,5,0.007904246158871584
3,6,0.042655204374450056
3,7,0.015836053420377954
3,8,0.022245644621018485
3,9,0.027812215079051253
3,10,0.01813317098671267
3,11,0.0331172697343298
3,12,0.05502404179134416
3,13,0.022333182413141722
3,14,0.014569039103453129
3,15,0.02154788948336226
3,16,0.0017047504138304318
3,17,0.033522140130039256
3,18,0.00785476679788963
3,19,0.02516254209459395
3,20,0.0066987166970429715
3,21,0.05050241215549799
3,22,0.021640684930982212
3,23,0.008284007356448709
3,24,0.04156897357441149
3,25,0.0532226151041835
3,26,0.007785942482740781
3,27,0.0068245286547596725
3,28,0.02257551336247969
3,29,0.05822508762866237
3,30,0.022370962229655202
3,31,0.05196481710455598
3,32,0.004479745625998782
3,33,0.014517408883308859
3,34,0.016201486611429557
3,35,0.01679716091908117
3,36,0.05136074005477255
3,37,0.05845333071918555
3,38,0.027847089806682747
3,39,0.02029192229478829
3,40,0.006474405090494705
3,41,0.009368184358476974
3,42,0.02781566166983174
3,43,0.03611557041979549
3,44,0.06034132309111715
3,45,0.02998134785869233
3,46,0.05318495321541078
3,47,0.04577447607043734
3,48,0.01679867124673263
3,49,0.0025569701277255385
3,50,0.0437322131433106
3,51,0.010256073364015022
3,52,0.004514939536356111
3,53,0.03968102505916842
3,54,0.015043605963250068
3,55,0.003933567114140297
3,56,0.0063262373597818234
3,57,0.020104848245459203
3,58,0.024680292252699673
3,59,0.0047767915491398905
3,60,0.004151184591015605
3,61,0.01335908025332277
3,62,0.03605780505940197
3,63,0.01914287421566649
3,64,0.0059145087805705775
3,65,0.022348454982357626
3,66,0.0189130616948645
3,67,0.04453178234399461
3,68,0.06168037945678037
3,69,0.04643991137584066
3,70,0.010357038367463569
3,71,0.018473956387083965
3,72,0.028965316967509563
3,73,0.02822780106929254
3,74,0.0038129637989362977
3,75,0.02681487102967148
3,76,0.01301495243518294
3,77,0.03838755659559846
3,78,0.03164609952632996
3,79,0.04443943397139639
3,80,0.016716987689839192
3,81,0.03312296065933892
3,82,0.010532600645878128
3,83,0.04402629802840829
3,84,0.04382246886000238
3,85,0.028457772754333668
3,86,0.03408762734703352
3,87,0.018574306341193135
3,88,0.001494853064245622
3,89,0.015775465732333852
3,90,0.028571820814349683
3,91,0.02392244078940786
3,92,0.007325231318979982
3,93,0.037686733558452486
3,94,0.054603280917751414
3,95,0.008653139544889285
3,96,0.04338179722861065
3,97,0.047878734371588225
3,98,0.04224127724558954
3,99,0.04167120551086545
4,0,0.01694192857313943
4,1,0.055896259794263145
4,2,0.003682200603643135
4,3,0.002706774149178676
4,4,0.0
4,5,0.010610504817510647
4,6,0.039997539406652835
4,7,0.013172630149839848
4,8,0.019599511182253327
4,9,0.0251686530213507
4,10,0.015473608066147896
4,11,0.030464068045255022
4,12,0.05237410406407566
4,13,0.01967409322476891
4,14,0.01722430100106323
4,15,0.018911397885346345
4,16,0.0011540966253348781
4,17,0.03085371016013801
4,18,0.010514138710391863
4,19,0.02248754049918556
4,20,0.009387315935034604
4,21,0.04785365596775547
4,22,0.018983586698605164
4,23,0.010983404857049654
4,24,0.038914557020972414
4,25,0.050571538252018176
4,26,0.0052302993527643445
4,27,0.0041523587871049065
4,28,0.019913387141501673
4,29,0.05557704648552689
4,30,0.019736444878178706
4,31,0.049309218788740936
4,32,0.0017950630108549206
4,33,0.011854291626501975
4,34,0.013526573711320171
4,35,0.014134112831981122
4,36,0.048707740910619045
4,37,0.05580323794322623
4,38,0.025199734713788818
4,39,0.017642674826957215
4,40,0.009141457567956585
4,41,0.0067075290174051705
4,42,0.025147823719070844
4,43,0.03346524199449966
4,44,0.05769456584706167
4,45,0.02732682974185208
4,46,0.05053171464336872
4,47,0.04312628074173587
4,48,0.014116931724338432
4,49,0.0002722884381626467
4,50,0.04107559901137013
4,51,0.012949736668217226
4,52,0.0018119176778530015
4,53,0.037023153092658606
4,54,0.012368922445139886
4,55,0.001293574412790921
4,56,0.0038139909200560797
4,57,0.017454312609518515
4,58,0.0220157742197911
4,59,0.007475344951742708
4,60,0.0017124256679046626
4,61,0.016028859969137214
4,62,0.03339772966004407
4,63,0.016504212696335178
4,64,0.008617915507204985
4,65,0.019694149384718078
4,66,0.016247236058565956
4,67,0.041881555357918994
4,68,0.05903344459783395
4,69,0.04378023476101248
4,70,0.013024634215808798
4,71,0.015792089404603065
4,72,0.026308397064900072
4,73,0.02557753691240543
4,74,0.001106619095528015
4,75,0.024164872246483046
4,76,0.010336721078210412
4,77,0.03573079422998314
4,78,0.028998686158722916
4,79,0.04178631622918903
4,80,0.014066357792330649
4,81,0.030455135377122418
4,82,0.007900294157478076
4,83,0.04137557434899992
4,84,0.041162257035014485
4,85,0.025788910360519387
4,86,0.03142640908390772
4,87,0.015893995492783284
4,88,0.004143608312124421
4,89,0.01310440886030178
4,90,0.02590731498014549
4,91,0.0212726111645803
4,92,0.004620223095970212
4,93,0.035040064851957896
4,94,0.051949504119278
4,95,0.01135523547379705
4,96,0.040728621761466605
4,97,0.04522259978255264
4,98,0.039588442684867886
4,99,0.039022898898132985
5,0,0.027481628975475143
5,1,0.06632988199675936
5,2,0.0071185662958684415
5,3,0.007904246158871584
5,4,0.010610504817510647
5,5,0.0
5,6,0.05046416893368143
5,7,0.023684561598321673
5,8,0.030054268551399914
5,9,0.035607233038469695
5,10,0.025971431126458014
5,11,0.040924562551622565
5,12,0.06280954788024917
5,13,0.030163762446616706
5,14,0.006977584783072286
5,15,0.029341417168677476
5,16,0.009551452425226033
5,17,0.04135852795278795
5,18,0.0019585967906941646
5,19,0.03301717038445161
5,20,0.0014785370346737609
5,21,0.05828781952566142
5,22,0.02946895282366028
5,23,0.0006800449675673954
5,24,0.0493719457847564
5,25,0.061011546157219855
5,26,0.015564381064683906
5,27,0.014708139451263869
5,28,0.030410899038694747
5,29,0.06600480075883955
5,30,0.030159255518497324
5,31,0.0597641831676848
5,32,0.01237839228318924
5,33,0.022368346782147785
5,34,0.024065702003380693
5,35,0.024643221044649145
5,36,0.05915482284266064
5,37,0.06623747166597388
5,38,0.035649132462354544
5,39,0.02810953239441105
5,40,0.0019569191745368725
5,41,0.017231814641264977
5,42,0.03565537488520165
5,43,0.043914452844795705
5,44,0.06811714864716369
5,45,0.037794299458499686
5,46,0.06097859724622941
5,47,0.05356161097373087
5,48,0.02467177278835661
5,49,0.010450622360928608
5,50,0.05153833196551334
5,51,0.002488801817687739
5,52,0.012414928338241161
5,53,0.047492356278706835
5,54,0.02290925551104896
5,55,0.01182279286944847
5,56,0.014100672802249421
5,57,0.02792494339546579
5,58,0.03251722125743984
5,59,0.0031637846137303987
5,60,0.011966958003957114
5,61,0.0057010659531475175
5,62,0.043876131409845615
5,63,0.02694578740655336
5,64,0.0020085207986039635
5,65,0.030170884978691553
5,66,0.026759703313411924
5,67,0.05232403220207037
5,68,0.0694559632769673
5,69,0.05425085306428344
5,70,0.0029027900763766426
5,71,0.02634554513920807
5,72,0.036783852768171026
5,73,0.036034774184095376
5,74,0.011715921793546096
5,75,0.03462317245741717
5,76,0.020888488029203796
5,77,0.046197553544086764
5,78,0.03944364911019384
5,79,0.0522378119389817
5,80,0.024544744572131152
5,81,0.04095847145982332
5,82,0.018360167392624558
5,83,0.051819928809487194
5,84,0.05163599495514121
5,85,0.03629879197142808
5,86,0.04190969550906375
5,87,0.026443489076233465
5,88,0.006506979615235323
5,89,0.023634911157343976
5,90,0.036404781482700745
5,91,0.03173462971082192
5,92,0.015228813480120331
5,93,0.04547685159030995
5,94,0.06239738011002962
5,95,0.0008432173797743962
5,96,0.051180981928490764
5,97,0.05568141969202983
5,98,0.050040519458140864
5,99,0.049461459977706346
6,0,0.023080610394395254
6,1,0.015925233874292746
6,2,0.04366369533977548
6,3,0.042655204374450056
6,4,0.039997539406652835
6,5,0.05046416893368143
6,6,0.0
6,7,0.026833456877250236
6,8,0.020428689111288572
6,9,0.014877274151145783
6,10,0.024534201296724033
6,11,0.009551415190415044
6,12,0.01240084722552477
6,13,0.020333959276068497
6,14,0.05719753574890969
6,15,0.0211426669311158
6,16,0.041125985470428825
6,17,0.009176539093620683
6,18,0.05049533111115325
6,19,0.017544909212831507
6,20,0.049340350285546626
6,21,0.007890300327831657
6,22,0.02102602929507558
6,23,0.05089711474902078
6,24,0.0011191698952411294
6,25,0.010594096063822788
6,26,0.03491706545088197
6,27,0.035849150858202505
6,28,0.020093626905191727
6,29,0.015611270699853859
6,30,0.02032719513868547
6,31,0.009322567240221012
6,32,0.03820420898837757
6,33,0.0281515579796131
6,34,0.026485470183017657
6,35,0.02587224868423433
6,36,0.008724026954237732
6,37,0.015831706369467104
6,38,0.01483167119374765
6,39,0.022377465575358645
6,40,0.04911991185250135
6,41,0.033298238197374604
6,42,0.014866649193153642
6,43,0.006568370334429682
6,44,0.017734159709497953
6,45,0.01268520840273718
6,46,0.010548785446916925
6,47,0.0032144753538000817
6,48,0.025910488470759666
6,49,0.040194989105309234
6,50,0.00108133425683564
6,51,0.05287751828345822
6,52,0.038258244568926764
6,53,0.002977165085343953
6,54,0.027641134029812355
6,55,0.03873175275302634
6,56,0.036380872059312765
6,57,0.022563543804320456
6,58,0.017992038074717314
6,59,0.0474117583064428
6,60,0.03852870384089673
6,61,0.055995395918809254
6,62,0.006605522436100197
6,63,0.023537410585801756
6,64,0.048525126501842125
6,65,0.02031862028016176
6,66,0.02375973347330659
6,67,0.0019717683530755194
6,68,0.0190732944460108
6,69,0.0037944097748280623
6,70,0.052997866002647324
6,71,0.02424212091447652
6,72,0.01369997845226828
6,73,0.014444936527072506
6,74,0.038920441857421106
6,75,0.015857453650153307
6,76,0.029673916650229584
6,77,0.004272602994605792
6,78,0.011039295278181007
6,79,0.0018236004383515134
6,80,0.02594978667438616
6,81,0.009570072176867145
6,82,0.032134916791682656
6,83,0.0014819784378882171
6,84,0.0011896514525739693
6,85,0.014229325097384804
6,86,0.008578542715700663
6,87,0.024135364891978015
6,88,0.044128029220381546
6,89,0.026903332761212494
6,90,0.014101375208779564
6,91,0.018748452538627194
6,92,0.03543728271612867
6,93,0.0050397477890828804
6,94,0.011967397408305549
6,95,0.05125106920867937
6,96,0.00081326706145522
6,97,0.0052308154254283
6,98,0.0005691334992105533
6,99,0.001228436274142387
7,0,0.003810282039909012
7,1,0.042742423696265755
7,2,0.016844926256789676
7,3,0.015836053420377954
7,4,0.013172630149839848
7,5,0.023684561598321673
7,6,0.026833456877250236
7,7,0.0
7,8,0.006444626974028712
7,9,0.012010677180566963
7,10,0.0023027295232647335
7,11,0.01729644795670409
7,12,0.039217792180911176
7,13,0.006502641909967693
7,14,0.030391755180861738
7,15,0.005787336452830296
7,16,0.014304310596977045
7,17,0.01769194543559031
7,18,0.02368135022454431
7,19,0.009337026886766788
7,20,0.02253180934592008
7,21,0.0346948876970947
7,22,0.005813105254530913
7,23,0.024101476255596367
7,24,0.025749808408252698
7,25,0.037413832472129795
7,26,0.008142194632315327
7,27,0.009020841024985548
7,28,0.006742069141672971
7,29,0.04242337703425478
7,30,0.0066135261284156355
7,31,0.0361506246258353
7,32,0.011377769870017226
7,33,0.00131888507772925
7,34,0.0005283441397714043
7,35,0.0009616032838430674
7,36,0.035548624072745276
7,37,0.04264930779266019
7,38,0.012036640338876244
7,39,0.004486464368860759
7,40,0.022305191846332003
7,41,0.006468958436542397
7,42,0.011982962200049591
7,43,0.02029975622019146
7,44,0.04454277905211615
7,45,0.01415797836671131
7,46,0.03737380309193864
7,47,0.029965339981428942
7,48,0.0011530048822348754
7,49,0.013371853384732006
7,50,0.02791196942529819
7,51,0.02608093564652346
7,52,0.011441811992105052
7,53,0.02385753104236588
7,54,0.0008728111714531665
7,55,0.011906497027377774
7,56,0.00959670322698875
7,57,0.004295645809356874
7,58,0.008846438276051024
7,59,0.020604078069176936
7,60,0.011720340304663571
7,61,0.029190308971439635
7,62,0.020230830082703377
7,63,0.0033991869690165703
7,64,0.021726470880202377
7,65,0.0065258342095591065
7,66,0.0030778143707170906
7,67,0.02871920256503537
7,68,0.0458825898418122
7,69,0.030619019215349968
7,70,0.026188083142906503
7,71,0.002718589810778144
7,72,0.013138613910299432
7,73,0.012411326506517505
7,74,0.012097549108367937
7,75,0.010999202088270092
7,76,0.0028626740752368905
7,77,0.022564450782850083
7,78,0.0158347881841148
7,79,0.028623168426204316
7,80,0.0009616162509513744
7,81,0.017292426843996754
7,82,0.005329208691898552
7,83,0.028212814963128392
7,84,0.027999609235322742
7,85,0.012625655264186023
7,86,0.018258992860010714
7,87,0.002801488611791071
7,88,0.01730732647749692
7,89,0.0003051116838936176
7,90,0.012739383535012297
7,91,0.008108652291395516
7,92,0.008633510037184761
7,93,0.02187733133201152
7,94,0.03879259833476902
7,95,0.024461227901385548
7,96,0.027564930911827764
7,97,0.032061374150240844
7,98,0.026424270749716625
7,99,0.025860232842916213
8,0,0.002918615404715931
8,1,0.036329277520598134
8,2,0.023276523781637807
8,3,0.022245644621018485
8,4,0.019599511182253327
8,5,0.030054268551399914
8,6,0.020428689111288572
8,7,0.006444626974028712
8,8,0.0
8,9,0.0055708061496539075
8,10,0.004146277975108649
8,11,0.010879448563302759
8,12,0.032802753209603026
8,13,0.0006353814653183435
8,14,0.03680674337367406
8,15,0.000771005206642247
8,16,0.020736420349251813
8,17,0.011333059996369112
8,18,0.030096230036395548
8,19,0.0031930863156389567
8,20,0.02893232863359812
8,21,0.028275699576409456
8,22,0.0007398283917538543
8,23,0.030487489999789372
8,24,0.019337278501729303
8,25,0.030999726871420507
8,26,0.014494508688914285
8,27,0.015448880091547563
8,28,0.0008196024501875396
8,29,0.0360071962030404
8,30,0.0005286760754201943
8,31,0.029744293597756134
8,32,0.017805315441117284
8,33,0.007756594477304535
8,34,0.006145820178085732
8,35,0.0054880096268790516
8,36,0.029136993485610347
8,37,0.03623638907814733
8,38,0.00560349874064377
8,39,0.001958817590163767
8,40,0.02871750581739473
8,41,0.01289318052992768
8,42,0.005654173200020698
8,43,0.013877042360439804
8,44,0.0381259874929892
8,45,0.007745235400991575
8,46,0.03096347673253922
8,47,0.023543034369834365
8,48,0.00563280149264869
8,49,0.019803416546715448
8,50,0.021504924276197324
8,51,0.03247023047755049
8,52,0.017881603276683044
8,53,0.01745296158247626
8,54,0.0072831075256991114
8,55,0.018325406516555304
8,56,0.015959200961999237
8,57,0.0021490697121266085
8,58,0.002550960394857017
8,59,0.02700090825125246
8,60,0.01811043979289378
8,61,0.035597249728203384
8,62,0.013833309959383148
8,63,0.003110340521383559
8,64,0.02811339465429777
8,65,0.0003936878500839129
8,66,0.0034205879261059485
8,67,0.022299646798092737
8,68,0.03946683988634376
8,69,0.02422000974955994
8,70,0.03259806743171325
8,71,0.004056300992901949
8,72,0.006735819390763031
8,73,0.005985680792925369
8,74,0.018531810902938713
8,75,0.0045723757780544005
8,76,0.009306144230892873
8,77,0.01615692372330987
8,78,0.009404381904209193
8,79,0.022208887880420636
8,80,0.005534265783460584
8,81,0.010931484150594134
8,82,0.011714924434717692
8,83,0.021793911585112527
8,84,0.021601554278496547
8,85,0.006298251718628695
8,86,0.011866765116838577
8,87,0.003935043751490654
8,88,0.023724293838248884
8,89,0.006539783247586876
8,90,0.006378570694247982
8,91,0.001682097821355522
8,92,0.015077544195097372
8,93,0.01544888197371759
8,94,0.03238396629914894
8,95,0.030841488599474148
8,96,0.021150387039832144
8,97,0.02565452711349531
8,98,0.020008654024680904
8,99,0.019436234688318243
9,0,0.008344226438103088
9,1,0.030767902721235224
9,2,0.028845082627166105
9,3,0.027812215079051253
9,4,0.0251686530213507
9,5,0.035607233038469695
9,6,0.014877274151145783
9,7,0.012010677180566963
9,8,0.0055708061496539075
9,9,0.0
9,10,0.009708912700051527
9,11,0.005329639646016407
9,12,0.027240500505042422
9,13,0.005528504846820927
9,14,0.04237079983586631
9,15,0.0062701469991326315
9,16,0.02630536311847797
9,17,0.005882006255077958
9,18,0.0356618621824992
9,19,0.0031072358464376967
9,20,0.03449502105230383
9,21,0.022711524231373594
9,22,0.00620566046880976
9,23,0.036045569654680844
9,24,0.013780020739431553
9,25,0.025438111582721114
9,26,0.0200540823836923
9,27,0.02101861475650364
9,28,0.005310250622938226
9,29,0.030444304767761454
9,30,0.0054517108583278465
9,31,0.02418770005859785
9,32,0.023374742120180637
9,33,0.013324976448710954
9,34,0.011694344978952541
9,35,0.011051587714948713
9,36,0.023577084387768923
9,37,0.0306751349948508
9,38,0.0002213802968615753
9,39,0.0075287437626973385
9,40,0.034282967871138506
9,41,0.018463200466465393
9,42,0.0015671910534787057
9,43,0.008314994412066935
9,44,0.03256286564270649
9,45,0.0022353129228244025
9,46,0.025404100530784228
9,47,0.01797765161602995
9,48,0.011152268909241696
9,49,0.025372521166708274
9,50,0.01595085881480459
9,51,0.03802865367736068
9,52,0.02344953694553452
9,53,0.011904617946805673
9,54,0.012840768451311902
9,55,0.023894226265723892
9,56,0.021519229007444723
9,57,0.007717949629318241
9,58,0.003293579539323982
9,59,0.032563238828890825
9,60,0.023674727387930528
9,61,0.04115978447774184
9,62,0.008300439092064299
9,63,0.008672484426155034
9,64,0.03367260159071216
9,65,0.005489078129010283
9,66,0.008958106969765503
9,67,0.016736094386312687
9,68,0.03390424203697571
9,69,0.018670932528707013
9,70,0.03816208516977627
9,71,0.009514294688600284
9,72,0.001327503597538484
9,73,0.0005222183847028427
9,74,0.02410088749568284
9,75,0.0010432863669424637
9,76,0.014869150435263004
9,77,0.010607280046499993
9,78,0.003839683625196361
9,79,0.01664892162083464
9,80,0.011104855872068694
9,81,0.005482871612496316
9,82,0.017282621959983015
9,83,0.01623090098351506
9,84,0.01605512115230307
9,85,0.001702073079242966
9,86,0.006350871131261935
9,87,0.009399855698866741
9,88,0.029291718889528192
9,89,0.012098072416972586
9,90,0.0014183346428695886
9,91,0.003903159230388177
9,92,0.020642092643047335
9,93,0.00988153373945273
9,94,0.026825440732656757
9,95,0.036397625065479895
9,96,0.015590635280435645
9,97,0.0200987137678054
9,98,0.014448594374053764
9,99,0.013870585938706376
10,0,0.0016242384264544875
10,1,0.04044336704769389
10,2,0.01914676487056225
10,3,0.01813317098671267
10,4,0.015473608066147896
10,5,0.025971431126458014
10,6,0.024534201296724033
10,7,0.0023027295232647335
10,8,0.004146277975108649
10,9,0.009708912700051527
10,10,0.0
10,11,0.01499478815407875
10,12,0.0369181981283199
10,13,0.004201514797319074
10,14,0.03269061521769173
10,15,0.0035100017396668464
10,16,0.016606220882273877
10,17,0.015398183627360437
10,18,0.02598017207204718
10,19,0.0070583253986037505
10,20,0.02482714497611369
10,21,0.032394451597540064
10,22,0.0035107511151014244
10,23,0.026393045928520823
10,24,0.0234494206234487
10,25,0.035114205387058936
10,26,0.010416769222691264
10,27,0.011321720572722632
10,28,0.004443697129629335
10,29,0.040123920068885155
10,30,0.004332166153938354
10,31,0.03385196836949796
10,32,0.013678770281644683
10,33,0.003619951189823952
10,34,0.0020100624388482706
10,35,0.0013427636889007106
10,36,0.03324916694754695
10,37,0.04035027249209144
10,38,0.00973418496641775
10,39,0.0021918138525767934
10,40,0.024603405020693355
10,41,0.008768313839460695
10,42,0.009689580330928474
10,43,0.01799791080867747
10,44,0.04224344152145617
10,45,0.01185625719679802
10,46,0.035074673605200876
10,47,0.02766423657242097
10,48,0.0015772755965742348
10,49,0.015673672696978096
10,50,0.025612495003581284
10,51,0.028373544248146667
10,52,0.013744304607556193
10,53,0.021557993642783924
10,54,0.0031371892239476524
10,55,0.014205538060538387
10,56,0.011876553718849134
10,57,0.0019996651968075285
10,58,0.00655029531609442
10,59,0.022898289234754687
10,60,0.014010879596536109
10,61,0.031487438378208714
10,62,0.017931788550877424
10,63,0.0012122464905511478
10,64,0.024018064360723367
10,65,0.004223142265349917
10,66,0.0008083848705945711
10,67,0.026418265221206667
10,68,0.04358349383623886
10,69,0.028321003794499176
10,70,0.028485863226201124
10,71,0.0011159813047462044
10,72,0.010837502280839387
10,73,0.010108786524915528
10,74,0.014399727306725863
10,75,0.008696606536795994
10,76,0.005161105504587814
10,77,0.02026437922453743
10,78,0.013532351531016139
10,79,0.026322810141091817
10,80,0.0014386823729031118
10,81,0.014998171515599736
10,82,0.007613469873242847
10,83,0.025911905390748984
10,84,0.02570148042764265
10,85,0.010333225927431414
10,86,0.015960320137908317
10,87,0.0010462694702663704
10,88,0.01960638471281217
10,89,0.0023939084405247713
10,90,0.010442661489505645
10,91,0.005806361018597443
10,92,0.010934509616840686
10,93,0.01957526501039524
10,94,0.03649382569969778
10,95,0.02675122384885738
10,96,0.025264454590529728
10,97,0.029762295546725378
10,98,0.024123576522025642
10,99,0.023558691329264712
11,0,0.013566469836747773
11,1,0.02545847403102804
11,2,0.03413547273793983
11,3,0.0331172697343298
11,4,0.030464068045255022
11,5,0.040924562551622565
11,6,0.009551415190415044
11,7,0.01729644795670409
11,8,0.010879448563302759
11,9,0.005329639646016407
11,10,0.01499478815407875
11,11,0.0
11,12,0.021931042021046714
11,13,0.01079473796122403
11,14,0.0476698575065587
11,15,0.01159276434499514
11,16,0.031596132039893005
11,17,0.001279874608902226
11,18,0.04096310975081178
11,19,0.008065370527177483
11,20,0.03980347647236161
11,21,0.017404663988582585
11,22,0.011484439709491296
11,23,0.041358811510446514
11,24,0.008459035845359824
11,25,0.020126537932110014
11,26,0.0253712147281133
11,27,0.02631367948023889
11,28,0.010558980487849473
11,29,0.025138172787973503
11,30,0.010777988184162526
11,31,0.01886847814019918
11,32,0.02866993770893433
11,33,0.018614119626352295
11,34,0.016958695398129865
11,35,0.01633523601629125
11,36,0.018261899506538063
11,37,0.025365408550958483
11,38,0.0052809235951264775
11,39,0.012830724241648248
11,40,0.039585980358368786
11,41,0.023760237533797086
11,42,0.005377460737218588
11,43,0.00300601749004086
11,44,0.027258873743348507
11,45,0.0031389375850812127
11,46,0.02008877307741063
11,47,0.012672993681279157
11,48,0.016394446045368206
11,49,0.030664091698358053
11,50,0.010627124126548775
11,51,0.04334061470708608
11,52,0.02873217676260141
11,53,0.0065765320790665775
11,54,0.018112237931559562
11,55,0.029194652957464404
11,56,0.02683569208818381
11,57,0.013017571497631315
11,58,0.008466334120317042
11,59,0.03787328094353006
11,60,0.028986061526927856
11,61,0.046463916767700134
11,62,0.0029761159425108455
11,63,0.01398825285420477
11,64,0.038985789845750476
11,65,0.010774204688963939
11,66,0.014226530655691735
11,67,0.011426153989684378
11,68,0.028599810056466914
11,69,0.013344687163620333
11,70,0.04346546084177057
11,71,0.014733524715583304
11,72,0.004160467334963722
11,73,0.00489416193806258
11,74,0.02939026340741913
11,75,0.0063072596560357925
11,76,0.02014497879035366
11,77,0.00527943748445539
11,78,0.0015077457196800992
11,79,0.011332032826328789
11,80,0.016405714643084345
11,81,0.001193190227938599
11,82,0.022590978029175358
11,83,0.010919649220034114
11,84,0.01072725826039254
11,85,0.004759431228917318
11,86,0.0010961868849842379
11,87,0.014623939108723488
11,88,0.034592945026686424
11,89,0.017372137814588292
11,90,0.004598524549778199
11,91,0.009199847225954563
11,92,0.02591543208379028
11,93,0.004591619952408096
11,94,0.021509461025421547
11,95,0.04171241628758024
11,96,0.010273261312295284
11,97,0.014777521744789395
11,98,0.009131587459343409
11,99,0.00856711604146617
12,0,0.035473942174638104
12,1,0.003529153022604803
12,2,0.05604025579909804
12,3,0.05502404179134416
12,4,0.05237410406407566
12,5,0.06280954788024917
12,6,0.01240084722552477
12,7,0.039217792180911176
12,8,0.032802753209603026
12,9,0.027240500505042422
12,10,0.0369181981283199
12,11,0.021931042021046714
12,12,0.0
12,13,0.03272009176843691
12,14,0.0695578104363538
12,15,0.03350718046804476
12,16,0.05350396649018765
12,17,0.021574570087902197
12,18,0.06286060522202679
12,19,0.029941874321880058
12,20,0.06170026854622639
12,21,0.004531911892580382
12,22,0.033410218853334325
12,23,0.06324923006166726
12,24,0.013476579285790196
12,25,0.0018069534037776197
12,26,0.04727927109357474
12,27,0.04822798119803117
12,28,0.0324822493649027
12,29,0.003210844248029643
12,30,0.03268782921916609
12,31,0.0031109878945605493
12,32,0.050581855295521276
12,33,0.040534783972265245
12,34,0.038874709262688
12,35,0.03825713425380465
12,36,0.0036788195949705575
12,37,0.0034363982811575567
12,38,0.027202499882246566
12,39,0.03475508749264798
12,40,0.06148507335952081
12,41,0.045677148467934525
12,42,0.027263519339369477
12,43,0.018930836052492246
12,44,0.005334130877500611
12,45,0.025068595159249245
12,46,0.001868520590556777
12,47,0.0092663997326499
12,48,0.03830248715119361
12,49,0.05257317566861436
12,50,0.011319879593266179
12,51,0.06522915014486128
12,52,0.050640510304415944
12,53,0.01537421112686203
12,54,0.04002907767034778
12,55,0.05110632521048961
12,56,0.04874281381973527
12,57,0.03494220166861719
12,58,0.030384124632609675
12,59,0.05977182895465158
12,60,0.05089492587032699
12,61,0.0683526791701082
12,62,0.019003209335595576
12,63,0.03590712036062022
12,64,0.0608800458846008
12,65,0.03270067570059811
12,66,0.03614769166749539
12,67,0.010507665173154662
12,68,0.00667350134786683
12,69,0.008639959539750582
12,70,0.06535902383345067
12,71,0.03663571804712111
12,72,0.02608714061427487
12,73,0.026820903033076444
12,74,0.051300181031074955
12,75,0.028233836581827123
12,76,0.042060756255358225
12,77,0.016664210995300726
12,78,0.023403480245875026
12,79,0.010601860133227975
12,80,0.03832831392992086
12,81,0.021968840581597687
12,82,0.04450745398553949
12,83,0.011013545048957357
12,84,0.011251073217194613
12,85,0.026627036097978302
12,86,0.020975842641172592
12,87,0.036528694252870225
12,88,0.05649856989114774
12,89,0.039290719913464375
12,90,0.02649685394427828
12,91,0.031125844239974318
12,92,0.047822983190711175
12,93,0.0173622945972794
12,94,0.0005752761612762934
12,95,0.0636002402565931
12,96,0.011660405262075551
12,97,0.007175891632533459
12,98,0.012801375363693832
12,99,0.013373022091343997
13,0,0.0028294062924454876
13,1,0.03624578259152856
13,2,0.023345885549782133
13,3,0.022333182413141722
13,4,0.01967409322476891
13,5,0.030163762446616706
13,6,0.020333959276068497
13,7,0.006502641909967693
13,8,0.0006353814653183435
13,9,0.005528504846820927
13,10,0.004201514797319074
13,11,0.01079473796122403
13,12,0.03272009176843691
13,13,0.0
13,14,0.03688913138683084
13,15,0.0011439715907358866
13,16,0.02080568957281061
13,17,0.011203421912898161
13,18,0.030179716825310423
13,19,0.002930903388283123
13,20,0.029025611577108482
13,21,0.028196098931126866
13,22,0.0006966451761732315
13,23,0.03058896230178991
13,24,0.019249183019184456
13,25,0.030915677040958232
13,26,0.014605205113708783
13,27,0.015522597339288215
13,28,0.0002738447691212
13,29,0.03592660803864208
13,30,0.0011561784388741806
13,31,0.02965295256682482
13,32,0.017879415471458028
13,33,0.007820882158973821
13,34,0.006170163018661426
13,35,0.005541184025330943
13,36,0.029050156039381735
13,37,0.036152648965002664
13,38,0.005544793015944757
13,39,0.002071431313734948
13,40,0.028803025381225658
13,41,0.01296954605264524
13,42,0.005498816221708059
13,43,0.013798924789767164
13,44,0.03804670270512296
13,45,0.007655957037915613
13,46,0.030875906725521873
13,47,0.02346579020937111
13,48,0.005624042515139197
13,49,0.019873430659484687
13,50,0.021412343816385362
13,51,0.03256991324273902
13,52,0.0179411941105938
13,53,0.01735743327489506
13,54,0.0073208209314385405
13,55,0.01840637303793022
13,56,0.01606755270774096
13,57,0.0022488578092840937
13,58,0.002358902610931799
13,59,0.02709637472000925
13,60,0.018208129975618534
13,61,0.03568583152626856
13,62,0.013731164527438977
13,63,0.0032616835005972833
13,64,0.028214327850858482
13,65,0.00024530118384127897
13,66,0.0034342475267563166
13,67,0.022219120140399253
13,68,0.03938691866239991
13,69,0.024121526678829285
13,70,0.032684873985160824
13,71,0.003995418736190224
13,72,0.006636341502204254
13,73,0.005913582324500405
13,74,0.01859904037870333
13,75,0.004504511220207645
13,76,0.00935286032591927
13,77,0.01606367918441579
13,78,0.009337263986104053
13,79,0.022123003541798605
13,80,0.005621652620970176
13,81,0.01080279751852744
13,82,0.011809901763567159
13,83,0.021712596103142807
13,84,0.021501742243612055
13,85,0.0061436978046286094
13,86,0.011759866775324061
13,87,0.0038787057302672435
13,88,0.023806715380726255
13,89,0.006579494197114
13,90,0.0062450722273175675
13,91,0.00163887434889871
13,92,0.015126139890042179
13,93,0.0153781709682464
13,94,0.03229525545235465
13,95,0.0309459309497579
13,96,0.021064550781155343
13,97,0.025562673867556354
13,98,0.01992365622622027
13,99,0.019360227283674602
14,0,0.034158633589489056
14,1,0.07307583519832221
14,2,0.013565079722524359
14,3,0.014569039103453129
14,4,0.01722430100106323
14,5,0.006977584783072286
14,6,0.05719753574890969
14,7,0.030391755180861738
14,8,0.03680674337367406
14,9,0.04237079983586631
14,10,0.03269061521769173
14,11,0.0476698575065587
14,12,0.0695578104363538
14,13,0.03688913138683084
14,14,0.0
14,15,0.036110219180443756
14,16,0.01610080671903948
14,17,0.048062641000413395
14,18,0.006714943458802347
14,19,0.03970102590515374
14,20,0.007905465364319238
14,21,0.06504153331068838
14,22,0.03619808970379347
14,23,0.006440129418607471
14,24,0.05611424585998806
14,25,0.06775790138917916
14,26,0.022344190501387935
14,27,0.021374561549417342
14,28,0.037129319595255734
14,29,0.0727558868692752
14,30,0.0369327985083012
14,31,0.06649899190023076
14,32,0.0190185626934355
14,33,0.029073701511405526
14,34,0.030746136796386447
14,35,0.031352809015098335
14,36,0.0658971155226508
14,37,0.07298302249553225
14,38,0.042404983571399144
14,39,0.034853091158234754
14,40,0.008095453308684289
14,41,0.023926363193781407
14,42,0.04236123381440612
14,43,0.050667076118533286
14,44,0.07487002074864886
14,45,0.04453545381480603
14,46,0.06771919082879559
14,47,0.06031844747435141
14,48,0.03133291734572446
14,49,0.01703045863962333
14,50,0.058274224048758275
14,51,0.004490548597299077
14,52,0.018979939914391983
14,53,0.05422590022992717
14,54,0.029589173433792734
14,55,0.018490482309013633
14,56,0.020880287017078544
14,57,0.03466569279135693
14,58,0.03923105557411749
14,59,0.00983921494578895
14,60,0.018713237096153128
14,61,0.0012864881857999667
14,62,0.050604169266404944
14,63,0.033706278769259475
14,64,0.008769705679393815
14,65,0.036906894738460684
14,66,0.03346572001456366
14,67,0.05907623741717751
14,68,0.07620736884095405
14,69,0.06097702258077536
14,70,0.004220380054339044
14,71,0.03300653085147853
14,72,0.043518830712316714
14,73,0.04278466910926782
14,74,0.01830751185415263
14,75,0.041372640700169674
14,76,0.027557276449645576
14,77,0.05293424247163103
14,78,0.04620160781648335
14,79,0.05898274049873837
14,80,0.03127897075406607
14,81,0.04766449250894383
14,82,0.02509910852079543
14,83,0.058571031465634416
14,84,0.05836177818499091
14,85,0.04300176096986179
14,86,0.0486346791980328
14,87,0.033109518007171955
14,88,0.013089694400049659
14,89,0.030324657169948564
14,90,0.043120126010819534
14,91,0.03848179638252684
14,92,0.021810830131935483
14,93,0.05223804785887793
14,94,0.06913559656054344
14,95,0.006138319777780258
14,96,0.05792605797804749
14,97,0.06241694700725895
14,98,0.05678673166302015
14,99,0.05621884151215316
15,0,0.0024824253450663547
15,1,0.0370337436428743
15,2,0.0225908906258193
15,3,0.02154788948336226
15,4,0.018911397885346345
15,5,0.029341417168677476
15,6,0.0211426669311158
15,7,0.005787336452830296
15,8,0.000771005206642247
15,9,0.0062701469991326315
15,10,0.0035100017396668464
15,11,0.01159276434499514
15,12,0.03350718046804476
15,13,0.0011439715907358866
15,14,0.036110219180443756
15,15,0.0
15,16,0.020051630784993456
15,17,0.012068616778951166
15,18,0.02939966109154945
15,19,0.00396401475469084
15,20,0.02822956919299797
15,21,0.028978984436897552
15,22,0.0009282447238386732
15,23,0.02977942535200992
15,24,0.020047797862292806
15,25,0.031705264204227014
15,26,0.013785010341483935
15,27,0.01476344376216219
15,28,0.0014043426147696666
15,29,0.03670992098856781
15,30,0.0008268709497364597
15,31,0.030454362576324487
15,32,0.017118303924823892
15,33,0.007089145796355058
15,34,0.0055199766834851
15,35,0.004840452257814125
15,36,0.029844502087622928
15,37,0.036941016081632014
15,38,0.006312166972130621
15,39,0.0013329281187184313
15,40,0.0280197915287484
15,41,0.01220784369854753
15,42,0.006405607926026777
15,43,0.014584238118795455
15,44,0.03882764506667104
15,45,0.008465016296127266
15,46,0.03167113143520996
15,47,0.024245879488060333
15,48,0.005043095868653792
15,49,0.019118440092630445
15,50,0.02221738320077684
